 Done! 

err =

   0.565000
   0.060000
   0.045000
   0.145000
   0.180000
   0.180000
   0.180000
   0.185000
   0.565000
   0.060000
   0.045000
   0.140000
   0.180000
   0.180000
   0.185000
   0.180000
   0.565000
   0.060000
   0.045000
   0.080000
   0.170000
   1.000000
   1.000000
   1.000000
   1.000000
   1.000000
   1.000000
   1.000000
   1.000000
   1.000000
   1.000000
   1.000000
   1.000000
   1.000000
   1.000000
   1.000000
   1.000000
   1.000000
   1.000000
   1.000000
   1.000000
   1.000000
   1.000000
   1.000000
   1.000000
   1.000000
   1.000000
   1.000000
   1.000000
   1.000000
   1.000000
   1.000000
   1.000000
   1.000000
   1.000000
   1.000000
   1.000000
   1.000000
   1.000000
   1.000000
   1.000000
   1.000000
   1.000000
   1.000000


Training ....